Epoch : 0, Loss : 0.018640796339605005
Epoch : 1, Loss : 0.0018893498034837344
Epoch : 2, Loss : 0.0018023433707033594
Epoch : 3, Loss : 0.0017482813641739388
